distance,N1,N2,N3,N4,N5,N6,N7,N8
N1,0,4.89,9.78,14.67,19.56,24.45,29.34,34.23
N2,4.89,0,4.89,9.78,14.67,19.56,24.45,29.34
N3,9.78,4.89,0,4.89,9.78,14.67,19.56,24.45
N4,14.67,9.78,4.89,0,4.89,9.78,14.67,19.56
N5,19.56,14.67,9.78,4.89,0,4.89,9.78,14.67
N6,24.45,19.56,14.67,9.78,4.89,0,4.89,9.78
N7,29.34,24.45,19.56,14.67,9.78,4.89,0,4.89
N8,34.23,29.34,24.45,19.56,14.67,9.78,4.89,0
